-67106921.361600
1924.000000
1943.000000
1943.000000
1943.000000
1943.000000
1943.000000
1944.000000
1944.000000
1944.000000
1944.000000
1944.000000
1944.000000
1944.000000
1944.000000
1944.000000
1944.000000
1945.000000
1945.000000
1945.000000
1945.000000
1945.000000
1946.000000
1946.000000
1946.000000
1947.000000
1947.000000
1947.000000
1947.000000
1947.000000
1947.000000
1947.000000
1949.000000
1949.000000
1949.000000
1950.000000
1950.000000
1950.000000
1950.000000
1950.000000
1950.000000
1950.000000
1950.000000
1951.000000
1951.000000
1951.000000
1951.000000
1951.000000
1951.000000
1951.000000
1951.000000
1952.000000
1952.000000
1952.000000
1952.000000
1952.000000
1952.000000
1952.000000
1952.000000
1952.000000
1952.000000
1953.000000
1953.000000
1953.000000
1953.000000
1953.000000
1953.000000
1953.000000
1953.000000
1953.000000
1953.000000
1953.000000
1953.000000
1953.000000
1953.000000
1953.000000
1953.000000
1953.000000
1953.000000
1953.000000
1953.000000
1953.000000
1953.000000
1953.000000
1953.000000
1953.000000
1954.000000
1954.000000
1954.000000
1954.000000
1954.000000
1954.000000
1954.000000
1954.000000
1954.000000
1954.000000
1954.000000
1954.000000
1954.000000
1954.000000
1954.000000
1954.000000
1954.000000
1954.000000
1954.000000
1954.000000
1954.000000
1954.000000
1954.000000
1954.000000
1954.000000
1954.000000
1954.000000
1954.000000
1954.000000
1954.000000
1954.000000
1954.000000
1954.000000
1954.000000
1954.000000
1954.000000
1954.000000
1954.000000
1954.000000
1954.000000
1954.000000
1954.000000
1954.000000
1954.000000
1954.000000
1954.000000
1954.000000
1954.000000
1954.000000
1954.000000
1954.000000
1954.000000
1954.000000
1954.000000
1954.000000
1954.000000
1954.000000
1954.000000
1954.000000
1954.000000
1954.000000
1954.000000
1954.000000
1954.000000
1954.000000
1954.000000
1954.000000
1954.000000
1954.000000
1954.000000
1954.000000
1954.000000
1954.000000
1954.000000
1954.000000
1954.000000
1954.000000
1954.000000
1954.000000
1954.000000
1954.000000
1954.000000
1954.000000
1954.000000
1954.000000
1954.000000
1954.000000
1954.000000
1954.000000
1954.000000
1954.000000
1954.000000
1954.000000
1954.000000
1954.000000
1954.000000
1954.000000
1954.000000
1954.000000
1954.000000
1954.000000
1954.000000
1954.000000
1954.000000
1954.000000
1954.000000
1954.000000
1954.000000
1954.000000
1954.000000
1954.000000
1954.000000
1954.000000
1954.000000
1954.000000
1954.000000
1954.000000
1954.000000
1954.000000
1954.000000
1954.000000
1954.000000
1954.000000
1954.000000
1954.000000
1954.000000
1954.000000
1954.000000
1954.000000
1954.000000
1954.000000
1954.000000
1954.000000
1954.000000
1954.000000
1954.000000
1954.000000
1954.000000
1954.000000
1954.000000
1954.000000
1954.000000
1954.000000
1954.000000
1954.000000
1954.000000
1954.000000
1954.000000
1954.000000
1954.000000
1954.000000
1954.000000
1954.000000
1954.000000
1954.000000
1954.000000
1954.000000
1954.000000
1954.000000
1954.000000
1954.000000
1954.000000
1954.000000
1954.000000
1954.000000
1954.000000
1954.000000
1954.000000
1954.000000
1954.000000
1954.000000
1954.000000
1954.000000
1954.000000
1954.000000
1954.000000
1954.000000
1954.000000
1954.000000
1954.000000
1954.000000
1954.000000
1954.000000
1954.000000
1954.000000
1954.000000
1954.000000
1954.000000
1954.000000
1954.000000
1954.000000
1954.000000
1954.000000
1954.000000
1954.000000
1954.000000
1954.000000
1954.000000
1954.000000
1954.000000
1954.000000
1954.000000
1954.000000
1954.000000
1954.000000
1954.000000
1954.000000
1954.000000
1954.000000
1954.000000
1954.000000
1954.000000
1954.000000
1954.000000
1954.000000
1954.000000
1954.000000
1954.000000
1954.000000
1954.000000
1954.000000
1954.000000
1954.000000
1954.000000
1954.000000
1954.000000
1954.000000
1954.000000
1954.000000
1954.000000
1954.000000
1954.000000
1954.000000
1954.000000
1954.000000
1954.000000
1954.000000
1954.000000
1954.000000
1954.000000
1954.000000
1954.000000
1954.000000
1954.000000
1954.000000
1954.000000
1954.000000
1954.000000
1954.000000
1954.000000
1954.000000
1954.000000
1954.000000
1954.000000
1954.000000
1954.000000
1954.000000
1954.000000
1954.000000
1954.000000
1954.000000
1954.000000
1954.000000
1954.000000
1954.000000
1954.000000
1954.000000
1954.000000
1954.000000
1954.000000
1954.000000
1954.000000
1954.000000
1954.000000
1954.000000
1954.000000
1954.000000
1954.000000
1954.000000
1954.000000
1954.000000
1954.000000
1954.000000
1954.000000
1954.000000
1954.000000
1954.000000
1954.000000
1954.000000
1954.000000
1954.000000
1954.000000
1954.000000
1954.000000
1954.000000
1954.000000
1954.000000
1954.000000
1954.000000
1954.000000
1954.000000
1954.000000
1954.000000
1954.000000
1954.000000
1954.000000
1954.000000
1954.000000
1954.000000
1954.000000
1954.000000
1954.000000
1954.000000
1954.000000
1954.000000
1954.000000
1954.000000
1954.000000
1954.000000
1954.000000
1954.000000
1954.000000
1954.000000
1954.000000
1954.000000
1954.000000
1954.000000
1954.000000
1954.000000
1954.000000
1954.000000
1954.000000
1954.000000
1954.000000
1954.000000
1954.000000
1954.000000
1954.000000
1954.000000
1954.000000
1954.000000
1954.000000
1954.000000
1954.000000
1954.000000
1954.000000
1954.000000
1954.000000
1954.000000
1954.000000
1954.000000
1954.000000
1954.000000
1954.000000
1954.000000
1954.000000
1954.000000
1954.000000
1954.000000
1954.000000
1954.000000
1954.000000
1954.000000
1954.000000
1954.000000
1954.000000
1954.000000
1954.000000
1954.000000
1954.000000
1954.000000
1954.000000
1954.000000
1954.000000
1954.000000
1954.000000
1954.000000
1954.000000
1954.000000
1954.000000
1954.000000
1954.000000
1954.000000
1954.000000
1954.000000
1954.000000
1954.000000
1954.000000
1954.000000
1954.000000
1954.000000
1954.000000
1954.000000
1954.000000
1954.000000
1954.000000
1954.000000
1954.000000
1954.000000
1954.000000
1954.000000
1954.000000
1954.000000
1954.000000
1954.000000
1954.000000
1954.000000
1954.000000
1954.000000
1954.000000
1954.000000
1954.000000
1954.000000
1954.000000
