24.000000
24.000000
24.000000
24.000000
23.000000
23.000000
24.000000
23.000000
24.000000
24.000000
24.000000
24.000000
24.000000
24.000000
24.000000
24.000000
24.000000
25.000000
25.000000
24.000000
25.000000
24.000000
24.000000
24.000000
24.000000
24.000000
24.000000
25.000000
25.000000
24.000000
24.000000
24.000000
24.000000
24.000000
24.000000
24.000000
24.000000
24.000000
24.000000
24.000000
24.000000
24.000000
24.000000
24.000000
23.000000
24.000000
24.000000
23.000000
24.000000
24.000000
24.000000
23.000000
24.000000
24.000000
24.000000
25.000000
25.000000
24.000000
24.000000
24.000000
23.000000
24.000000
24.000000
25.000000
24.000000
24.000000
25.000000
24.000000
23.000000
24.000000
24.000000
24.000000
24.000000
24.000000
23.000000
23.000000
24.000000
23.000000
23.000000
23.000000
24.000000
24.000000
24.000000
24.000000
24.000000
24.000000
24.000000
24.000000
24.000000
24.000000
24.000000
25.000000
25.000000
23.000000
24.000000
25.000000
24.000000
23.000000
25.000000
24.000000
23.000000
24.000000
23.000000
23.000000
23.000000
25.000000
24.000000
24.000000
24.000000
24.000000
24.000000
24.000000
23.000000
24.000000
24.000000
24.000000
24.000000
24.000000
24.000000
24.000000
25.000000
23.000000
24.000000
24.000000
23.000000
23.000000
24.000000
25.000000
24.000000
24.000000
24.000000
24.000000
24.000000
23.000000
24.000000
24.000000
24.000000
23.000000
24.000000
24.000000
25.000000
24.000000
24.000000
24.000000
26.000000
24.000000
24.000000
23.000000
25.000000
25.000000
24.000000
23.000000
25.000000
25.000000
24.000000
24.000000
24.000000
24.000000
24.000000
24.000000
24.000000
24.000000
23.000000
24.000000
24.000000
25.000000
24.000000
24.000000
24.000000
25.000000
24.000000
24.000000
25.000000
23.000000
24.000000
24.000000
24.000000
24.000000
24.000000
24.000000
24.000000
24.000000
24.000000
24.000000
24.000000
23.000000
24.000000
24.000000
25.000000
24.000000
23.000000
24.000000
23.000000
24.000000
24.000000
25.000000
24.000000
24.000000
25.000000
24.000000
